((("font-weight" .
   [0 0 0 0 1 0 0 0 0 0 0])
  ("30px" .
   [1 0 0 0])
  ("font-size" .
   [2 0 0 0 0 0 0 0 0])
  ("margin-top" .
   [0 0 0 0 0 0 0 1 0 0])
  ("margin" .
   [1 0 0 0 0 0])
  ("margin-bottom" .
   [1 0 0 0 0 0 0 0 0 0 0 0 0])
  ("event" .
   [2 0 0 0 0])
  ("absolute" .
   [1 0 0 0 0 0 0 0])
  ("alert" .
   [1 0 0 0 0])
  ("new" .
   [1 0 0])
  ("isKorean" .
   [1 0 0 0 0 0 0 0])
  ("print" .
   [1 0 0 0 0])
  ("die" .
   [10 0 0])
  ("complete" .
   [1 0 0 0 0 0 0 0])
  ("log" .
   [1 0 0])
  ("console" .
   [1 0 0 0 0 0 0])
  ("true" .
   [1 0 0 0])
  ("INT" .
   [1 0 0])
  ("$syspages" .
   [1 0 0 0 0 0 0 0 0])
  ("var_dump" .
   [2 0 0 0 1 0 0 0])
  ("if" .
   [3 0])
  ("$pages" .
   [4 0 0 0 0 0])
  ("error" .
   [0 0 0 0 1])
  ("$tt" .
   [1 0 0])
  ("$p" .
   [1 0])
  ("$ll" .
   [2 0 0])
  ("$link" .
   [2 0 0 0 0])
  ("HERE1" .
   [1 0 0 0 0])
  ("608" .
   [3 0 0])
  ("$params" .
   [1 0 0 0 0 0 0])
  ("$url" .
   [1 0 0 0])
  ("$syspage" .
   [3 0 0 0 0 0 0 0])
  ("index" .
   [1 0 0 0 0])
  ("font-style" .
   [0 0 0 0 1 0 0 0 0 0])
  ("text" .
   [1 0 0 0])
  ("text-align" .
   [0 0 0 0 1 0 0 0 0 0])
  ("center" .
   [1 0 0 0 0 0])
  ("text-decoration" .
   [1 0 0 0 0 0 0 0 0 0 0 0 0 0 0])
  ("none" .
   [1 0 0 0])
  ("$scope" .
   [2 0 0 0 0 0])
  ("country" .
   [1 0 0 0 0 0 0])
  ("db" .
   [1 0])))
